0.0 709.5 7.048788888888889
39.63486241135199 709.5 7.048788888888889
79.46834050293904 709.0 7.048788888888889
119.27975018561109 712.5 7.048788888888889
159.09115986828314 711.0 7.048788888888889
198.91360375541268 712.5 7.048788888888889
238.72501343808474 711.5 7.048788888888889
278.5474573252143 710.5 7.048788888888889
318.3588670078863 708.5 7.048788888888889
358.1813108950159 706.5 7.048788888888889
397.98168637323045 706.5 7.048788888888889
437.80413026035995 707.5 7.048788888888889
477.6265741474895 707.5 7.048788888888889
510.7291875199995 707.5 7.048788888888889
543.8318008925096 706.0 7.048788888888889
576.9454484694771 705.0 7.048788888888889
610.0590960464446 705.5 7.048788888888889
643.1617094189546 705.0 7.048788888888889
676.2753569959222 705.5 7.048788888888889
709.3890045728897 705.5 7.048788888888889
742.4916179453998 706.5 7.048788888888889
775.5942313179096 706.5 7.048788888888889
808.7078788948772 707.5 7.048788888888889
841.8104922673873 707.5 7.048788888888889
874.9241398443547 707.5 7.048788888888889
908.0488216257797 708.0 7.048788888888889
941.1514349982898 707.0 7.048788888888889
974.2540483707998 707.0 7.048788888888889
1007.3566617433098 705.5 7.048788888888889
1040.4703093202772 706.0 7.048788888888889
1073.5729226927874 705.5 7.048788888888889
1106.6865702697548 705.5 7.048788888888889
1139.789183642265 705.0 7.048788888888889
1172.9028312192324 705.0 7.048788888888889
1206.0054445917424 706.0 7.048788888888889
1239.1190921687098 706.0 7.048788888888889
1272.2327397456775 706.5 7.048788888888889
1305.3463873226451 706.0 7.048788888888889
1338.4379664906976 706.0 7.048788888888889
1371.551614067665 707.0 7.048788888888889
1404.6652616446324 706.0 7.048788888888889
1437.7789092215999 706.0 7.048788888888889
1470.88152259411 706.5 7.048788888888889
1503.9951701710777 707.5 7.048788888888889
1537.08674933913 707.0 7.048788888888889
1570.211431120555 707.5 7.048788888888889
1603.314044493065 706.5 7.048788888888889
1636.4387262744901 707.0 7.048788888888889
1669.5303054425426 707.0 7.048788888888889
1702.6439530195103 707.5 7.048788888888889
1735.7465663920202 707.5 7.048788888888889
1768.8602139689876 707.0 7.048788888888889
1801.9628273414978 707.0 7.048788888888889
1835.087509122923 707.0 7.048788888888889
1868.1790882909752 708.0 7.048788888888889
1901.2817016634854 709.5 7.048788888888889
1934.3843150359953 709.5 7.048788888888889
1967.5089968174202 710.5 7.048788888888889
2000.6116101899302 710.0 7.048788888888889
2033.725257766898 710.5 7.048788888888889
2066.827871139408 711.0 7.048788888888889
2099.9415187163754 711.0 7.048788888888889
2133.0441320888854 711.0 7.048788888888889
2166.1908822792257 711.5 7.048788888888889
2199.260393038363 712.0 7.048788888888889
2232.363006410873 711.5 7.048788888888889
2265.487688192298 711.5 7.048788888888889
2298.590301564808 711.5 7.048788888888889
2331.7039491417754 711.5 7.048788888888889
2364.817596718743 711.0 7.048788888888889
2397.9091758867953 711.5 7.048788888888889
2431.022823463763 711.5 7.048788888888889
2464.1254368362734 711.5 7.048788888888889
2497.2390844132406 710.5 7.048788888888889
2530.341697785751 710.5 7.048788888888889
2563.455345362718 711.0 7.048788888888889
2596.557958735228 710.5 7.048788888888889
2629.6716063121958 711.0 7.048788888888889
2662.785253889163 710.5 7.048788888888889
2695.8989014661306 710.5 7.048788888888889
2729.0015148386406 710.5 7.048788888888889
2762.115162415608 711.0 7.048788888888889
2795.2177757881186 711.5 7.048788888888889
2828.331423365086 711.5 7.048788888888889
2861.4340367375958 711.5 7.048788888888889
2894.547684314563 711.5 7.048788888888889
2927.6502976870734 711.5 7.048788888888889
2960.7529110595833 712.0 7.048788888888889
2993.866558636551 711.5 7.048788888888889
3026.9802062135186 711.5 7.048788888888889
3060.093853790486 711.5 7.048788888888889
3093.1964671629958 711.5 7.048788888888889
3126.310114739964 711.5 7.048788888888889
3159.4127281124734 711.5 7.048788888888889
3192.5153414849838 711.5 7.048788888888889
3225.628989061951 711.5 7.048788888888889
3258.7426366389186 712.0 7.048788888888889
3291.834215806971 711.5 7.048788888888889
3324.958897588396 711.5 7.048788888888889
3358.061510960906 711.5 7.048788888888889
3391.164124333416 711.5 7.048788888888889
3424.288806114841 711.5 7.048788888888889
3457.391419487351 712.0 7.048788888888889
3490.4940328598614 712.0 7.048788888888889
3523.607680436829 712.5 7.048788888888889
3556.7102938093385 712.5 7.048788888888889
3589.823941386306 712.5 7.048788888888889
3622.926554758816 712.0 7.048788888888889
3656.0291681313265 712.0 7.048788888888889
3689.1428157082937 712.5 7.048788888888889
3722.2564632852614 712.0 7.048788888888889
3755.3590766577713 711.5 7.048788888888889
3788.4727242347385 712.0 7.048788888888889
3821.5753376072494 711.5 7.048788888888889
3854.688985184216 711.0 7.048788888888889
3887.7915985567265 708.0 7.048788888888889
3920.905246133694 705.0 7.048788888888889
3954.0078595062037 704.5 7.048788888888889
3987.1104728787136 704.0 7.048788888888889
4020.2351546601385 705.0 7.048788888888889
4053.3377680326485 704.5 7.048788888888889
4086.473484018531 705.0 7.048788888888889
4119.565063186585 704.0 7.048788888888889
4152.667676559094 704.5 7.048788888888889
4185.770289931605 705.0 7.048788888888889
4218.883937508572 704.5 7.048788888888889
4251.986550881082 704.0 7.048788888888889
4285.10019845805 704.0 7.048788888888889
4318.191777626102 704.0 7.048788888888889
4351.305425203069 704.0 7.048788888888889
4384.441141188951 704.0 7.048788888888889
4417.543754561461 704.0 7.048788888888889
4450.635333729514 703.5 7.048788888888889
4483.760015510939 704.0 7.048788888888889
4516.851594678992 704.0 7.048788888888889
4549.987310664875 704.0 7.048788888888889
4583.067855628469 704.0 7.048788888888889
4616.225640023267 704.0 7.048788888888889
4649.295150782404 704.0 7.048788888888889
4682.386729950456 703.5 7.048788888888889
4715.511411731882 703.0 7.048788888888889
4748.636093513307 704.0 7.048788888888889
4781.727672681359 704.0 7.048788888888889
4814.83028605387 704.0 7.048788888888889
4847.943933630837 704.0 7.048788888888889
4881.068615412262 704.0 7.048788888888889
4914.160194580315 703.0 7.048788888888889
4947.295910566198 702.0 7.048788888888889
4980.376455529792 703.0 7.048788888888889
5013.479068902302 705.0 7.048788888888889
5046.581682274812 706.0 7.048788888888889
5079.706364056237 706.0 7.048788888888889
5112.808977428746 706.0 7.048788888888889
5145.922625005714 706.5 7.048788888888889
5179.025238378225 707.0 7.048788888888889
5212.138885955193 707.0 7.048788888888889
5245.263567736618 706.5 7.048788888888889
5278.35514690467 706.5 7.048788888888889
5311.468794481637 707.0 7.048788888888889
5344.571407854147 706.5 7.048788888888889
5377.674021226658 706.5 7.048788888888889
5410.776634599167 705.5 7.048788888888889
5443.901316380592 706.0 7.048788888888889
5477.003929753102 706.0 7.048788888888889
5510.106543125612 706.0 7.048788888888889
5543.22019070258 706.0 7.048788888888889
5576.3448724840055 706.0 7.048788888888889
5609.436451652057 706.0 7.048788888888889
5642.550099229025 705.5 7.048788888888889
5675.663746805993 705.0 7.048788888888889
5708.755325974045 705.0 7.048788888888889
5741.857939346554 705.0 7.048788888888889
5774.98262112798 704.5 7.048788888888889
5808.08523450049 704.5 7.048788888888889
5841.198882077458 705.0 7.048788888888889
5874.301495449968 705.0 7.048788888888889
5907.415143026935 706.5 7.048788888888889
5940.517756399445 709.0 7.048788888888889
5973.631403976413 709.5 7.048788888888889
6006.734017348923 709.5 7.048788888888889
6039.836630721432 710.0 7.048788888888889
6072.939244093942 709.5 7.048788888888889
6106.063925875367 710.0 7.048788888888889
6139.166539247877 710.0 7.048788888888889
6172.280186824845 709.5 7.048788888888889
6205.382800197354 709.5 7.048788888888889
6238.496447774322 709.5 7.048788888888889
6271.6100953512905 710.0 7.048788888888889
6304.7127087238005 710.0 7.048788888888889
6337.826356300769 710.0 7.048788888888889
6370.928969673278 709.5 7.048788888888889
6404.042617250245 709.5 7.048788888888889
6437.145230622755 709.5 7.048788888888889
6470.247843995266 710.0 7.048788888888889
6503.361491572233 710.0 7.048788888888889
6536.4751391492 710.0 7.048788888888889
6569.57775252171 710.5 7.048788888888889
6602.691400098677 710.0 7.048788888888889
6635.805047675646 710.0 7.048788888888889
6668.907661048156 710.0 7.048788888888889
6702.010274420665 710.5 7.048788888888889
6735.123921997633 711.0 7.048788888888889
6768.2375695746005 711.5 7.048788888888889
6801.34018294711 710.5 7.048788888888889
6834.4538305240785 710.5 7.048788888888889
6867.556443896588 710.5 7.048788888888889
6900.670091473555 711.0 7.048788888888889
6933.772704846066 711.5 7.048788888888889
6966.886352423033 710.5 7.048788888888889
