0.0 817.0
100.10000000000001 816.0
200.20000000000002 815.5
300.3 813.5
400.40000000000003 814.0
500.6777777777778 815.0
600.7777777777778 814.0
700.7111111111112 813.5
800.9888888888889 815.0
901.0777777777779 815.0
1001.211111111111 817.5
1101.288888888889 818.0
1201.4 818.5
1301.3000000000002 820.0
1401.5555555555557 823.0
1501.6555555555556 826.5
1601.5555555555557 829.5
1701.677777777778 828.5
1801.7222222222222 828.5
1901.8111111111111 827.0
2001.9 827.5
2101.977777777778 827.0
2202.0666666666666 827.0
2302.322222222222 827.0
2402.2333333333336 827.5
2502.3222222222225 827.5
2602.4111111111115 827.0
2702.488888888889 826.5
2802.577777777778 827.0
2902.6555555555556 827.0
3002.7444444444445 828.0
3102.8333333333335 827.0
3203.088888888889 826.5
3303.0000000000005 826.5
3403.088888888889 821.5
3503.166666666667 818.0
3603.2555555555555 818.0
3703.3555555555554 817.5
3803.6000000000004 817.5
3903.7000000000003 817.5
4003.6000000000004 817.5
4103.688888888889 818.5
4203.955555555556 817.5
4303.855555555556 818.0
4403.955555555556 820.0
4504.222222222223 818.5
4604.111111111111 819.0
4704.2 820.0
4804.277777777778 820.5
4904.377777777779 818.5
5004.455555555555 819.5
